0 4 5 8 10 15 18 18 22 22 22 24 29 31 33 37 40 40 42 44 46 46 46 50 51 53 55 59 59 61 61 63 66 68 70 70 72 73 77 83
2 2 2 2 2  2  2  2  2  3  4  4  4  5  5  6  6  7  8  9  9  9  9  10 10 10 10 10 11 12 13 13 13 13 15 15 15 16 16 17
0 2 4 5 5  6  8  8  10 10 10 12 15 15 15 17 17 17 18 20 20 20 20 20 22 22 26 26 26 28 28 28 28 30 32 32 34 36 38 43
0 2 3 4 4  5  6  6  8  8  8  10 13 13 13 15 15 15 15 17 17 17 17 17 18 18 20 20 20 22 22 22 22 24 26 26 28 29 30 34
1 2 4 6 7  9  10 11 13 14 14 15 16 17 18 19 19 20 21 21 22 22 23 25 26 26 28 28 29 29 29 30 31 33 34 34 34 36 36 37
0 1 1 2 3  5  6  6  7  7  7  7  8  9  10 11 11 11 12 12 13 13 13 14 15 15 17 17 18 18 18 19 19 19 19 19 19 19 19 20
0 0 1 1 1  2  2  2  2  3  3  3  3  4  4  4  5  6  7  8  10 11 11 11 12 13 13 13 13 13 13 13 14 14 15 15 15 15 16 16
0 0 0 0 0  0  0  0  0  0  0  0  0  0  0  0  1  1  1  1  1  1  1  1  1  1  1  1  1  1  1  1  2  2  2  2  2  2  3  3 
0 0 0 1 1  2  2  2  2  3  4  6  7  7  7  8  8  8  8  9  9  9  10 11 12 13 14 14 15 15 15 16 18 20 21 21 21 21 21 23
1 2 6 6 7  8  9  9  10 11 12 13 14 15 15 16 18 20 20 21 23 24 25 27 28 28 29 30 30 30 31 31 32 34 34 34 34 35 36 36
