0 2 4 6 8 10 15 15 17 17 17 19 21 23 24 26 28 31 31 33 38 38 41 41 43 45 48 52 52 52 54 58 60 62 64 67 67 70 75 75
1 1 2 2 2 2  2  3  4  5  5  6  6  6  7  7  8  9  9  9  9  9  9  10 10 10 11 11 11 11 11 11 11 11 11 12 12 12 12 12
0 0 0 0 0 0  0  0  0  0  0  0  0  2  4  4  4  4  4  4  4  4  5  5  5  7  7  9  9  9  9  9  9  9  9  9  9  11 11 13
0 0 0 0 0 0  0  0  0  0  0  0  0  2  3  3  3  3  3  3  3  3  4  4  4  6  6  8  8  8  8  8  8  8  8  8  8  10 10 10
1 2 3 5 6 9  10 10 11 11 12 13 14 15 16 18 19 19 20 21 22 23 25 26 27 28 29 30 30 32 33 35 36 39 41 42 44 44 45 45
0 1 2 3 4 5  6  6  7  7  7  8  9  9  9  10 11 11 11 12 13 13 14 14 15 15 15 16 16 16 17 19 20 21 22 22 22 22 22 22
0 0 0 1 1 1  2  3  3  4  4  4  4  4  4  4  4  5  5  6  7  8  8  8  8  8  9  10 11 11 11 11 11 11 11 12 12 14 15 17
0 0 0 0 0 0  1  1  1  1  1  1  1  1  1  1  1  2  2  2  3  3  3  3  3  3  4  4  4  4  4  4  4  4  4  5  5  6  7  7
0 0 1 1 1 1  1  3  3  4  6  6  7  7  8  8  9  9  9  9  9  9  10 10 10 11 11 12 14 15 16 18 18 18 19 19 19 19 20 22
1 1 1 1 3 4  5  5  5  6  7  7  7  8  9  10 11 12 12 13 13 16 16 16 16 17 18 20 21 21 21 21 23 24 26 27 28 29 29 29
