2 6 8 10 10 14 18 22 24 28 30 32 32 32 32 33 34 34 35 41 49 51 56 58 58 60 60 64 66 68 71 73 76 79 83 85 90 90 93 98
0 0 1 1  1  1  2  2  2  2  3  4  6  8  9  9  10 10 10 10 10 10 10 10 11 11 12 12 12 13 14 14 14 14 14 15 15 17 17 17
0 0 0 2  2  4  6  8  8  10 10 12 12 12 12 14 16 16 18 18 24 24 25 25 25 25 25 27 29 29 29 29 29 29 31 33 37 37 41 43
0 0 0 0  0  2  3  4  4  6  6  8  8  8  8  9  10 10 11 11 17 17 18 18 18 18 18 21 22 22 22 22 22 22 24 26 29 29 32 33
1 3 4 7  9  10 10 10 12 13 15 15 15 15 16 17 18 18 18 18 19 20 22 23 24 26 28 29 29 30 30 31 32 32 33 33 34 34 34 36
1 3 4 5  5  6  6  6  7  8  9  9  9  9  9  9  9  9  9  9  10 11 13 14 14 15 15 16 16 17 17 18 18 18 19 19 20 20 20 22
0 0 0 0  0  0  1  2  2  2  2  2  2  2  2  2  2  3  4  6  6  6  6  6  6  6  7  7  8  8  9  9  10 11 11 11 11 11 11 11
0 0 0 0  0  0  1  2  2  2  2  2  2  2  2  2  2  2  2  4  4  4  4  4  4  4  4  4  4  4  5  5  6  7  7  7  7  7  7  7
0 0 0 0  2  3  3  3  3  3  3  5  6  7  8  8  9  9  10 10 11 13 13 13 14 14 15 15 16 18 19 19 19 19 19 21 21 22 22 22
1 1 3 7  7  7  11 12 13 13 14 14 14 15 15 16 18 18 18 18 19 20 21 21 23 24 28 29 31 31 32 33 34 34 35 37 37 37 38 40
