5 5 7 9 11 11 11 11 11 12 12 12 14 14 14 14 16 19 23 26 28 30 35 37 37 37 37 38 40 44 47 47 49 51 52 52 54 57 61 63
0 1 2 2 3  4  5  6  6  6  7  8  9  10 11 12 12 12 12 13 13 14 14 15 15 15 15 15 15 15 15 16 16 17 18 19 19 19 20 21
0 0 0 0 0  0  0  0  0  2  2  2  4  4  4  4  8  8  8  10 10 10 10 11 11 11 11 13 15 19 19 19 19 21 23 23 25 25 27 29
0 0 0 0 0  0  0  0  0  1  1  1  3  3  3  3  6  6  6  7  7  7  7  7  7  7  7  8  10 14 14 14 14 16 17 17 17 17 19 21
2 2 4 5 6  7  8  10 11 12 12 13 13 13 14 15 15 16 18 20 22 23 24 25 25 28 28 29 29 30 30 32 33 33 33 34 35 35 37 37
1 1 2 3 4  4  4  4  4  4  4  4  4  4  4  4  4  5  7  8  9  10 11 12 12 12 12 12 12 12 12 12 13 13 13 14 14 14 15 15
1 1 1 2 2  2  2  2  3  3  3  3  3  3  3  3  3  3  4  4  4  4  5  6  7  7  8  8  9  9  10 11 11 11 12 13 13 14 14 15
1 1 1 1 1  1  1  1  1  1  1  1  1  1  1  1  1  1  1  1  1  1  2  2  2  2  2  2  2  2  3  3  3  3  3  3  3  4  4  4
0 0 0 0 2  2  2  4  4  4  4  5  8  8  8  9  9  10 11 12 12 14 15 15 16 16 16 17 18 18 18 19 19 20 21 21 22 22 23 23
2 3 3 4 5  7  8  10 11 13 14 16 16 17 18 18 19 20 21 22 23 23 24 26 26 28 29 29 30 31 33 35 36 37 40 40 42 43 45 46
                        
