0 0 3 3 6 9 13 13 15 21 21 21 23 23 26 28 29 29 35 37 37 41 44 49 51 51 52 55 60 60 63 65 65 68 68 68 70 72 74 78
1 1 1 1 1 1 1  2  2  2  3  4  4  4  4  4  4  6  6  6  6  6  6  7  7  9  10 10 10 10 10 10 10 10 10 11 11 11 11 12
0 0 0 0 0 1 1  1  1  5  5  5  7  7  7  9  11 11 12 12 12 14 15 18 18 18 20 20 22 22 22 22 22 24 24 24 24 26 26 28
0 0 0 0 0 1 1  1  1  5  5  5  7  7  7  9  10 10 11 11 11 12 13 16 16 16 17 17 18 18 18 18 18 19 19 19 19 21 21 23
0 1 1 3 4 6 9  9  10 11 12 12 12 13 13 13 14 15 16 19 20 21 22 23 25 25 25 25 27 27 27 28 29 31 33 33 35 35 37 39
0 0 0 0 0 1 3  3  4  5  5  5  5  5  5  5  5  5  6  7  7  7  8  9  10 10 10 10 12 12 13 13 13 14 14 14 15 15 16 17
1 2 3 4 6 6 6  6  6  6  6  6  6  6  8  9  9  9  10 10 11 13 13 13 13 14 14 15 15 17 18 18 18 18 18 19 19 20 21 21 
0 0 1 1 2 2 2  2  2  2  2  2  2  2  3  3  3  3  4  4  4  5  5  5  5  5  5  6  6  6  7  7  7  7  7  7  7  7  7  7
0 0 0 1 1 1 2  2  3  4  5  5  7  8  8  8  9  10 10 12 12 12 12 13 13 14 14 15 17 17 18 19 21 21 22 22 22 23 23 24
1 1 1 2 3 4 5  5  5  5  5  5  6  8  8  8  9  11 11 12 12 12 13 14 15 15 15 16 17 17 18 18 19 20 21 23 24 26 28 29



