2 4 6 6 10 10 16 16 18 21 27 27 27 27 32 32 35 37 38 40 42 42 42 42 47 49 51 53 55 58 58 61 63 63 66 66 66 66 69 70
0 1 1 2 2  2  2  2  2  2  2  2  3  3  3  4  4  5  5  5  6  6  6  6  6  6  6  6  6  6  7  8  8  9  10 10 10 10 10 11
0 0 0 0 1  1  1  1  3  3  4  4  4  4  4  4  4  4  6  6  6  6  6  6  6  6  6  6  8  10 10 10 10 10 11 11 11 11 11 13  
0 0 0 0 0  0  0  0  2  2  3  3  3  3  3  3  3  3  4  4  4  4  4  4  4  4  4  4  4  5  5  5  5  5  6  6  6  6  6  7
1 2 3 3 5  6  6  8  8  8  9  10 11 12 13 14 15 16 16 19 21 22 24 25 26 27 28 31 32 33 34 34 36 37 39 41 42 43 44 45
1 2 3 3 5  5  5  5  5  5  6  6  6  6  7  7  7  8  8  9  10 10 10 10 11 12 13 14 15 16 16 16 17 17 18 18 18 18 18 18
0 0 0 1 1  2  4  4  4  6  7  9  10 10 11 11 12 12 12 13 13 13 13 13 14 15 15 15 15 15 15 16 17 17 17 17 18 18 20 20 
0 0 0 0 0  0  2  2  2  3  4  4  4  4  5  5  6  6  6  6  6  6  6  6  7  7  7  7  7  7  8  8  8  8  8  8  8  8  9  9
0 0 0 0 0  0  0  2  2  5  5  5  5  6  6  7  7  7  7  8  10 10 11 11 11 12 12 12 13 13 13 14 15 15 15 15 16 16 17 18
1 1 1 1 1  2  2  3  3  5  5  7  9  9  10 10 12 12 13 17 17 17 19 19 21 21 22 23 24 24 26 26 27 28 29 30 32 33 34 34
